header: 
  seq: 0
  stamp: 
    secs: 1688273900
    nsecs: 600812911
  frame_id: "world"
pose: 
  position: 
    x: 0.3594999797955032
    y: -9.514633913582681e-17
    z: 0.6434989825222235
  orientation: 
    x: -0.7071054825112364
    y: 8.715747984754959e-33
    z: 0.7071080798594735
    w: -1.5700895750453112e-16