pose: 
  position: 
    x: 0.6397668485906933
    y: -0.25711611164426007
    z: 0.2740113740870477
  orientation:
    x: 0.9152864381757602
    y: -0.40230695814866696
    z: 0.006440877004978622
    w: 0.018930468037101973
