header: 
  seq: 0
  stamp: 
    secs: 1688274217
    nsecs: 831503868
  frame_id: "world"
pose: 
  position: 
    x: 0.4022633096759974
    y: 0.2120023000129292
    z: 0.24804748256961198
  orientation: 
    x: 0.9971995808134269
    y: -0.03520289179615575
    z: 0.04481441500241871
    w: -0.04842954307759789